{
 "cells": [
  {
   "cell_type": "markdown",
   "id": "d3f2ea60",
   "metadata": {},
   "source": [
    "Synthesize Criteo data using sequential CART models. (Note that this file uses the updated synthesis and optimization functions from the `helper_functions.py` file.)."
   ]
  },
  {
   "cell_type": "code",
   "execution_count": 1,
   "id": "c9709e90",
   "metadata": {},
   "outputs": [],
   "source": [
    "import matplotlib.pyplot as plt\n",
    "import sys\n",
    "\n",
    "# Add the parent directory to path\n",
    "sys.path.append('..')\n",
    "\n",
    "# Then import\n",
    "from helper_functions import *\n",
    "\n",
    "rng = np.random.RandomState(42)"
   ]
  },
  {
   "cell_type": "markdown",
   "id": "9b703917",
   "metadata": {},
   "source": [
    "Import Criteo data (small version for testing)"
   ]
  },
  {
   "cell_type": "code",
   "execution_count": 3,
   "id": "7c928f76",
   "metadata": {},
   "outputs": [],
   "source": [
    "train_data = pd.read_csv(\"../../Data/Criteo/cleaned_criteo_train.gz\",\n",
    "                         compression='gzip', \n",
    "                         sep='\\,',\n",
    "                         header=0,\n",
    "                         engine='python')\n",
    "data_set = \"train\""
   ]
  },
  {
   "cell_type": "markdown",
   "id": "3500371e",
   "metadata": {},
   "source": [
    "View confidential data to synthesize."
   ]
  },
  {
   "cell_type": "code",
   "execution_count": 4,
   "id": "437e8f17",
   "metadata": {},
   "outputs": [
    {
     "data": {
      "text/html": [
       "<div>\n",
       "<style scoped>\n",
       "    .dataframe tbody tr th:only-of-type {\n",
       "        vertical-align: middle;\n",
       "    }\n",
       "\n",
       "    .dataframe tbody tr th {\n",
       "        vertical-align: top;\n",
       "    }\n",
       "\n",
       "    .dataframe thead th {\n",
       "        text-align: right;\n",
       "    }\n",
       "</style>\n",
       "<table border=\"1\" class=\"dataframe\">\n",
       "  <thead>\n",
       "    <tr style=\"text-align: right;\">\n",
       "      <th></th>\n",
       "      <th>f0</th>\n",
       "      <th>f1</th>\n",
       "      <th>f2</th>\n",
       "      <th>f3</th>\n",
       "      <th>f4</th>\n",
       "      <th>f5</th>\n",
       "      <th>f6</th>\n",
       "      <th>f7</th>\n",
       "      <th>f8</th>\n",
       "      <th>f9</th>\n",
       "      <th>f10</th>\n",
       "      <th>f11</th>\n",
       "      <th>treatment</th>\n",
       "      <th>conversion</th>\n",
       "      <th>visit</th>\n",
       "      <th>exposure</th>\n",
       "    </tr>\n",
       "  </thead>\n",
       "  <tbody>\n",
       "    <tr>\n",
       "      <th>0</th>\n",
       "      <td>14.718064</td>\n",
       "      <td>11.739167</td>\n",
       "      <td>8.547648</td>\n",
       "      <td>-1.860244</td>\n",
       "      <td>10.280525</td>\n",
       "      <td>1.128518</td>\n",
       "      <td>-14.564080</td>\n",
       "      <td>7.603301</td>\n",
       "      <td>3.859290</td>\n",
       "      <td>25.954644</td>\n",
       "      <td>5.300375</td>\n",
       "      <td>-0.168679</td>\n",
       "      <td>1</td>\n",
       "      <td>0</td>\n",
       "      <td>0</td>\n",
       "      <td>0</td>\n",
       "    </tr>\n",
       "    <tr>\n",
       "      <th>1</th>\n",
       "      <td>21.780237</td>\n",
       "      <td>10.059654</td>\n",
       "      <td>8.526976</td>\n",
       "      <td>4.679882</td>\n",
       "      <td>10.280525</td>\n",
       "      <td>2.230907</td>\n",
       "      <td>-7.822229</td>\n",
       "      <td>9.687508</td>\n",
       "      <td>3.955396</td>\n",
       "      <td>16.226044</td>\n",
       "      <td>5.300375</td>\n",
       "      <td>-0.168679</td>\n",
       "      <td>1</td>\n",
       "      <td>0</td>\n",
       "      <td>0</td>\n",
       "      <td>0</td>\n",
       "    </tr>\n",
       "    <tr>\n",
       "      <th>2</th>\n",
       "      <td>25.851825</td>\n",
       "      <td>10.059654</td>\n",
       "      <td>8.214383</td>\n",
       "      <td>4.679882</td>\n",
       "      <td>10.280525</td>\n",
       "      <td>4.115453</td>\n",
       "      <td>-7.011752</td>\n",
       "      <td>4.833815</td>\n",
       "      <td>3.971858</td>\n",
       "      <td>13.190056</td>\n",
       "      <td>5.300375</td>\n",
       "      <td>-0.168679</td>\n",
       "      <td>1</td>\n",
       "      <td>0</td>\n",
       "      <td>0</td>\n",
       "      <td>0</td>\n",
       "    </tr>\n",
       "    <tr>\n",
       "      <th>3</th>\n",
       "      <td>24.742052</td>\n",
       "      <td>10.059654</td>\n",
       "      <td>8.214383</td>\n",
       "      <td>4.679882</td>\n",
       "      <td>10.280525</td>\n",
       "      <td>4.115453</td>\n",
       "      <td>-5.116672</td>\n",
       "      <td>4.833815</td>\n",
       "      <td>3.971858</td>\n",
       "      <td>13.190056</td>\n",
       "      <td>5.300375</td>\n",
       "      <td>-0.168679</td>\n",
       "      <td>1</td>\n",
       "      <td>0</td>\n",
       "      <td>0</td>\n",
       "      <td>0</td>\n",
       "    </tr>\n",
       "    <tr>\n",
       "      <th>4</th>\n",
       "      <td>24.527053</td>\n",
       "      <td>10.059654</td>\n",
       "      <td>8.214383</td>\n",
       "      <td>4.679882</td>\n",
       "      <td>10.280525</td>\n",
       "      <td>4.115453</td>\n",
       "      <td>-1.288207</td>\n",
       "      <td>4.833815</td>\n",
       "      <td>3.971858</td>\n",
       "      <td>13.190056</td>\n",
       "      <td>5.300375</td>\n",
       "      <td>-0.168679</td>\n",
       "      <td>1</td>\n",
       "      <td>0</td>\n",
       "      <td>0</td>\n",
       "      <td>0</td>\n",
       "    </tr>\n",
       "    <tr>\n",
       "      <th>...</th>\n",
       "      <td>...</td>\n",
       "      <td>...</td>\n",
       "      <td>...</td>\n",
       "      <td>...</td>\n",
       "      <td>...</td>\n",
       "      <td>...</td>\n",
       "      <td>...</td>\n",
       "      <td>...</td>\n",
       "      <td>...</td>\n",
       "      <td>...</td>\n",
       "      <td>...</td>\n",
       "      <td>...</td>\n",
       "      <td>...</td>\n",
       "      <td>...</td>\n",
       "      <td>...</td>\n",
       "      <td>...</td>\n",
       "    </tr>\n",
       "    <tr>\n",
       "      <th>6989791</th>\n",
       "      <td>25.326163</td>\n",
       "      <td>10.059654</td>\n",
       "      <td>8.547430</td>\n",
       "      <td>4.679882</td>\n",
       "      <td>10.280525</td>\n",
       "      <td>4.115453</td>\n",
       "      <td>-2.411115</td>\n",
       "      <td>4.833815</td>\n",
       "      <td>3.915574</td>\n",
       "      <td>23.570168</td>\n",
       "      <td>5.300375</td>\n",
       "      <td>-0.168679</td>\n",
       "      <td>1</td>\n",
       "      <td>0</td>\n",
       "      <td>0</td>\n",
       "      <td>0</td>\n",
       "    </tr>\n",
       "    <tr>\n",
       "      <th>6989792</th>\n",
       "      <td>12.616365</td>\n",
       "      <td>10.059654</td>\n",
       "      <td>8.406119</td>\n",
       "      <td>4.679882</td>\n",
       "      <td>10.280525</td>\n",
       "      <td>4.115453</td>\n",
       "      <td>0.294443</td>\n",
       "      <td>4.833815</td>\n",
       "      <td>3.955396</td>\n",
       "      <td>16.226044</td>\n",
       "      <td>5.300375</td>\n",
       "      <td>-0.168679</td>\n",
       "      <td>0</td>\n",
       "      <td>0</td>\n",
       "      <td>0</td>\n",
       "      <td>0</td>\n",
       "    </tr>\n",
       "    <tr>\n",
       "      <th>6989793</th>\n",
       "      <td>26.170681</td>\n",
       "      <td>10.059654</td>\n",
       "      <td>8.214383</td>\n",
       "      <td>4.679882</td>\n",
       "      <td>10.280525</td>\n",
       "      <td>4.115453</td>\n",
       "      <td>-3.993764</td>\n",
       "      <td>4.833815</td>\n",
       "      <td>3.971858</td>\n",
       "      <td>13.190056</td>\n",
       "      <td>5.300375</td>\n",
       "      <td>-0.168679</td>\n",
       "      <td>1</td>\n",
       "      <td>0</td>\n",
       "      <td>0</td>\n",
       "      <td>0</td>\n",
       "    </tr>\n",
       "    <tr>\n",
       "      <th>6989794</th>\n",
       "      <td>23.624754</td>\n",
       "      <td>10.059654</td>\n",
       "      <td>8.214383</td>\n",
       "      <td>4.679882</td>\n",
       "      <td>10.280525</td>\n",
       "      <td>4.115453</td>\n",
       "      <td>-2.411115</td>\n",
       "      <td>4.833815</td>\n",
       "      <td>3.971858</td>\n",
       "      <td>13.190056</td>\n",
       "      <td>5.300375</td>\n",
       "      <td>-0.168679</td>\n",
       "      <td>1</td>\n",
       "      <td>0</td>\n",
       "      <td>0</td>\n",
       "      <td>0</td>\n",
       "    </tr>\n",
       "    <tr>\n",
       "      <th>6989795</th>\n",
       "      <td>25.820149</td>\n",
       "      <td>10.059654</td>\n",
       "      <td>8.214383</td>\n",
       "      <td>4.679882</td>\n",
       "      <td>10.280525</td>\n",
       "      <td>4.115453</td>\n",
       "      <td>-5.116672</td>\n",
       "      <td>4.833815</td>\n",
       "      <td>3.971858</td>\n",
       "      <td>13.190056</td>\n",
       "      <td>5.300375</td>\n",
       "      <td>-0.168679</td>\n",
       "      <td>0</td>\n",
       "      <td>0</td>\n",
       "      <td>0</td>\n",
       "      <td>0</td>\n",
       "    </tr>\n",
       "  </tbody>\n",
       "</table>\n",
       "<p>6989796 rows × 16 columns</p>\n",
       "</div>"
      ],
      "text/plain": [
       "                f0         f1        f2        f3         f4        f5         f6        f7        f8         f9       f10       f11  treatment  conversion  visit  exposure\n",
       "0        14.718064  11.739167  8.547648 -1.860244  10.280525  1.128518 -14.564080  7.603301  3.859290  25.954644  5.300375 -0.168679          1           0      0         0\n",
       "1        21.780237  10.059654  8.526976  4.679882  10.280525  2.230907  -7.822229  9.687508  3.955396  16.226044  5.300375 -0.168679          1           0      0         0\n",
       "2        25.851825  10.059654  8.214383  4.679882  10.280525  4.115453  -7.011752  4.833815  3.971858  13.190056  5.300375 -0.168679          1           0      0         0\n",
       "3        24.742052  10.059654  8.214383  4.679882  10.280525  4.115453  -5.116672  4.833815  3.971858  13.190056  5.300375 -0.168679          1           0      0         0\n",
       "4        24.527053  10.059654  8.214383  4.679882  10.280525  4.115453  -1.288207  4.833815  3.971858  13.190056  5.300375 -0.168679          1           0      0         0\n",
       "...            ...        ...       ...       ...        ...       ...        ...       ...       ...        ...       ...       ...        ...         ...    ...       ...\n",
       "6989791  25.326163  10.059654  8.547430  4.679882  10.280525  4.115453  -2.411115  4.833815  3.915574  23.570168  5.300375 -0.168679          1           0      0         0\n",
       "6989792  12.616365  10.059654  8.406119  4.679882  10.280525  4.115453   0.294443  4.833815  3.955396  16.226044  5.300375 -0.168679          0           0      0         0\n",
       "6989793  26.170681  10.059654  8.214383  4.679882  10.280525  4.115453  -3.993764  4.833815  3.971858  13.190056  5.300375 -0.168679          1           0      0         0\n",
       "6989794  23.624754  10.059654  8.214383  4.679882  10.280525  4.115453  -2.411115  4.833815  3.971858  13.190056  5.300375 -0.168679          1           0      0         0\n",
       "6989795  25.820149  10.059654  8.214383  4.679882  10.280525  4.115453  -5.116672  4.833815  3.971858  13.190056  5.300375 -0.168679          0           0      0         0\n",
       "\n",
       "[6989796 rows x 16 columns]"
      ]
     },
     "execution_count": null,
     "metadata": {},
     "output_type": "execute_result"
    }
   ],
   "source": [
    "train_data"
   ]
  },
  {
   "cell_type": "markdown",
   "id": "d6d725b1",
   "metadata": {},
   "source": [
    "Set up dictionary of parameter bounds for the Bayesian optimization process. The current state of the code requires a set of bounds for each parameter being optimized."
   ]
  },
  {
   "cell_type": "code",
   "execution_count": 5,
   "id": "41e1a7ec",
   "metadata": {},
   "outputs": [],
   "source": [
    "# define some default bounds for leaf values. These will be appropriately filled in during the loop below\n",
    "\n",
    "param_bounds = {\n",
    "    'tree': {\n",
    "        'f0': {  # Applies to all tree-synthesized variables\n",
    "            'min_samples_leaf': [10, 1000]  # [min, max] bounds\n",
    "        },\n",
    "        'f1': {  # Applies to all tree-synthesized variables\n",
    "            'min_samples_leaf': [5, 5]  # [min, max] bounds\n",
    "        },\n",
    "        'f2': {  # Applies to all tree-synthesized variables\n",
    "            'min_samples_leaf': [5, 5]  # [min, max] bounds\n",
    "        },\n",
    "        'f3': {  # Applies to all tree-synthesized variables\n",
    "            'min_samples_leaf': [10, 1000]  # [min, max] bounds\n",
    "        },\n",
    "        'f4': {  # Applies to all tree-synthesized variables\n",
    "            'min_samples_leaf': [5, 5]  # [min, max] bounds\n",
    "        },\n",
    "        'f5': {  # Applies to all tree-synthesized variables\n",
    "            'min_samples_leaf': [10, 1000]  # [min, max] bounds\n",
    "        },\n",
    "        'f6': {  # Applies to all tree-synthesized variables\n",
    "            'min_samples_leaf': [10, 1000]  # [min, max] bounds\n",
    "        },\n",
    "        'f7': {  # Applies to all tree-synthesized variables\n",
    "            'min_samples_leaf': [5, 5]  # [min, max] bounds\n",
    "        },\n",
    "        'f8': {  # Applies to all tree-synthesized variables\n",
    "            'min_samples_leaf': [4063, 10000]  # [min, max] bounds\n",
    "        },\n",
    "        'f9': {  # Applies to all tree-synthesized variables\n",
    "            'min_samples_leaf': [5, 5]  # [min, max] bounds\n",
    "        },\n",
    "        'f10': {  # Applies to all tree-synthesized variables\n",
    "            'min_samples_leaf': [5, 5]  # [min, max] bounds\n",
    "        },\n",
    "        'f11': {  # Applies to all tree-synthesized variables\n",
    "            'min_samples_leaf': [10, 1000]  # [min, max] bounds\n",
    "        }\n",
    "    }\n",
    "}"
   ]
  },
  {
   "cell_type": "code",
   "execution_count": 6,
   "id": "679beec8",
   "metadata": {},
   "outputs": [],
   "source": [
    "min_bound = 7500\n",
    "\n",
    "synthesis_cols, synthesis_steps, synthesis_bounds = define_synthesis_steps(train_data = train_data, \n",
    "                                                                           current_param_bounds=param_bounds,\n",
    "                                                                           lower_bound=min_bound)"
   ]
  },
  {
   "cell_type": "code",
   "execution_count": 7,
   "id": "581f69c5",
   "metadata": {},
   "outputs": [
    {
     "data": {
      "text/plain": [
       "['treatment',\n",
       " 'exposure',\n",
       " 'visit',\n",
       " 'conversion',\n",
       " 'f8',\n",
       " 'f9',\n",
       " 'f4',\n",
       " 'f3',\n",
       " 'f5',\n",
       " 'f6',\n",
       " 'f11',\n",
       " 'f10',\n",
       " 'f0',\n",
       " 'f1',\n",
       " 'f7',\n",
       " 'f2']"
      ]
     },
     "execution_count": null,
     "metadata": {},
     "output_type": "execute_result"
    }
   ],
   "source": [
    "synthesis_cols"
   ]
  },
  {
   "cell_type": "code",
   "execution_count": 8,
   "id": "460d9e59",
   "metadata": {},
   "outputs": [
    {
     "data": {
      "text/plain": [
       "[(['treatment', 'exposure', 'visit', 'conversion'], 'joint_categorical'),\n",
       " (['f8', 'f9', 'f4', 'f3', 'f5', 'f6', 'f11', 'f10', 'f0', 'f1', 'f7', 'f2'],\n",
       "  'tree')]"
      ]
     },
     "execution_count": null,
     "metadata": {},
     "output_type": "execute_result"
    }
   ],
   "source": [
    "synthesis_steps"
   ]
  },
  {
   "cell_type": "code",
   "execution_count": 9,
   "id": "52374760",
   "metadata": {},
   "outputs": [
    {
     "data": {
      "text/plain": [
       "{'tree': {'f0': {'min_samples_leaf': [7500, 3494898]},\n",
       "  'f1': {'min_samples_leaf': [7500, 7500]},\n",
       "  'f2': {'min_samples_leaf': [7500, 7500]},\n",
       "  'f3': {'min_samples_leaf': [7500, 3494898]},\n",
       "  'f4': {'min_samples_leaf': [7500, 7500]},\n",
       "  'f5': {'min_samples_leaf': [7500, 3494898]},\n",
       "  'f6': {'min_samples_leaf': [7500, 3494898]},\n",
       "  'f7': {'min_samples_leaf': [7500, 3494898]},\n",
       "  'f8': {'min_samples_leaf': [7500, 3494898]},\n",
       "  'f9': {'min_samples_leaf': [7500, 3494898]},\n",
       "  'f10': {'min_samples_leaf': [7500, 7500]},\n",
       "  'f11': {'min_samples_leaf': [7500, 3494898]}}}"
      ]
     },
     "execution_count": null,
     "metadata": {},
     "output_type": "execute_result"
    }
   ],
   "source": [
    "synthesis_bounds"
   ]
  },
  {
   "cell_type": "markdown",
   "id": "1b25dae6",
   "metadata": {},
   "source": [
    "Define additional parameters of the optimization process:\n",
    "\n",
    "- num_synthetic_datasets: Number of synthetic datasets to generate on each iteration of the optimizer (usually use 10 to reduce compute time)\n",
    "- num_iter_optimization: Number of iterations to run the optimizer (default is 25, can run longer to try to find a better solution)\n",
    "- num_init_optimization: Number of initializations to perform prior to optimized iterations (usually 3-5, this just starts the optimizer)\n",
    "- random_states: run the optimizer all the way through for each random seed in this list"
   ]
  },
  {
   "cell_type": "code",
   "execution_count": 10,
   "id": "ff61d992",
   "metadata": {},
   "outputs": [],
   "source": [
    "number_synthetic_datasets = 10\n",
    "num_iter_optimization = 25\n",
    "num_init_optimization = 5\n",
    "random_states = [1006, 428]"
   ]
  },
  {
   "cell_type": "markdown",
   "id": "8e4f2876",
   "metadata": {},
   "source": [
    "Compute target parameters."
   ]
  },
  {
   "cell_type": "code",
   "execution_count": 11,
   "id": "76261fb3",
   "metadata": {},
   "outputs": [],
   "source": [
    "# reorder the columns in the training data to match the synthesis order\n",
    "train_data = train_data[synthesis_cols]"
   ]
  },
  {
   "cell_type": "code",
   "execution_count": 12,
   "id": "879a85a2",
   "metadata": {},
   "outputs": [
    {
     "data": {
      "text/html": [
       "<div>\n",
       "<style scoped>\n",
       "    .dataframe tbody tr th:only-of-type {\n",
       "        vertical-align: middle;\n",
       "    }\n",
       "\n",
       "    .dataframe tbody tr th {\n",
       "        vertical-align: top;\n",
       "    }\n",
       "\n",
       "    .dataframe thead th {\n",
       "        text-align: right;\n",
       "    }\n",
       "</style>\n",
       "<table border=\"1\" class=\"dataframe\">\n",
       "  <thead>\n",
       "    <tr style=\"text-align: right;\">\n",
       "      <th></th>\n",
       "      <th>treatment</th>\n",
       "      <th>exposure</th>\n",
       "      <th>visit</th>\n",
       "      <th>conversion</th>\n",
       "      <th>f8</th>\n",
       "      <th>f9</th>\n",
       "      <th>f4</th>\n",
       "      <th>f3</th>\n",
       "      <th>f5</th>\n",
       "      <th>f6</th>\n",
       "      <th>f11</th>\n",
       "      <th>f10</th>\n",
       "      <th>f0</th>\n",
       "      <th>f1</th>\n",
       "      <th>f7</th>\n",
       "      <th>f2</th>\n",
       "    </tr>\n",
       "  </thead>\n",
       "  <tbody>\n",
       "    <tr>\n",
       "      <th>0</th>\n",
       "      <td>1</td>\n",
       "      <td>0</td>\n",
       "      <td>0</td>\n",
       "      <td>0</td>\n",
       "      <td>3.859290</td>\n",
       "      <td>25.954644</td>\n",
       "      <td>10.280525</td>\n",
       "      <td>-1.860244</td>\n",
       "      <td>1.128518</td>\n",
       "      <td>-14.564080</td>\n",
       "      <td>-0.168679</td>\n",
       "      <td>5.300375</td>\n",
       "      <td>14.718064</td>\n",
       "      <td>11.739167</td>\n",
       "      <td>7.603301</td>\n",
       "      <td>8.547648</td>\n",
       "    </tr>\n",
       "    <tr>\n",
       "      <th>1</th>\n",
       "      <td>1</td>\n",
       "      <td>0</td>\n",
       "      <td>0</td>\n",
       "      <td>0</td>\n",
       "      <td>3.955396</td>\n",
       "      <td>16.226044</td>\n",
       "      <td>10.280525</td>\n",
       "      <td>4.679882</td>\n",
       "      <td>2.230907</td>\n",
       "      <td>-7.822229</td>\n",
       "      <td>-0.168679</td>\n",
       "      <td>5.300375</td>\n",
       "      <td>21.780237</td>\n",
       "      <td>10.059654</td>\n",
       "      <td>9.687508</td>\n",
       "      <td>8.526976</td>\n",
       "    </tr>\n",
       "    <tr>\n",
       "      <th>2</th>\n",
       "      <td>1</td>\n",
       "      <td>0</td>\n",
       "      <td>0</td>\n",
       "      <td>0</td>\n",
       "      <td>3.971858</td>\n",
       "      <td>13.190056</td>\n",
       "      <td>10.280525</td>\n",
       "      <td>4.679882</td>\n",
       "      <td>4.115453</td>\n",
       "      <td>-7.011752</td>\n",
       "      <td>-0.168679</td>\n",
       "      <td>5.300375</td>\n",
       "      <td>25.851825</td>\n",
       "      <td>10.059654</td>\n",
       "      <td>4.833815</td>\n",
       "      <td>8.214383</td>\n",
       "    </tr>\n",
       "    <tr>\n",
       "      <th>3</th>\n",
       "      <td>1</td>\n",
       "      <td>0</td>\n",
       "      <td>0</td>\n",
       "      <td>0</td>\n",
       "      <td>3.971858</td>\n",
       "      <td>13.190056</td>\n",
       "      <td>10.280525</td>\n",
       "      <td>4.679882</td>\n",
       "      <td>4.115453</td>\n",
       "      <td>-5.116672</td>\n",
       "      <td>-0.168679</td>\n",
       "      <td>5.300375</td>\n",
       "      <td>24.742052</td>\n",
       "      <td>10.059654</td>\n",
       "      <td>4.833815</td>\n",
       "      <td>8.214383</td>\n",
       "    </tr>\n",
       "    <tr>\n",
       "      <th>4</th>\n",
       "      <td>1</td>\n",
       "      <td>0</td>\n",
       "      <td>0</td>\n",
       "      <td>0</td>\n",
       "      <td>3.971858</td>\n",
       "      <td>13.190056</td>\n",
       "      <td>10.280525</td>\n",
       "      <td>4.679882</td>\n",
       "      <td>4.115453</td>\n",
       "      <td>-1.288207</td>\n",
       "      <td>-0.168679</td>\n",
       "      <td>5.300375</td>\n",
       "      <td>24.527053</td>\n",
       "      <td>10.059654</td>\n",
       "      <td>4.833815</td>\n",
       "      <td>8.214383</td>\n",
       "    </tr>\n",
       "    <tr>\n",
       "      <th>...</th>\n",
       "      <td>...</td>\n",
       "      <td>...</td>\n",
       "      <td>...</td>\n",
       "      <td>...</td>\n",
       "      <td>...</td>\n",
       "      <td>...</td>\n",
       "      <td>...</td>\n",
       "      <td>...</td>\n",
       "      <td>...</td>\n",
       "      <td>...</td>\n",
       "      <td>...</td>\n",
       "      <td>...</td>\n",
       "      <td>...</td>\n",
       "      <td>...</td>\n",
       "      <td>...</td>\n",
       "      <td>...</td>\n",
       "    </tr>\n",
       "    <tr>\n",
       "      <th>6989791</th>\n",
       "      <td>1</td>\n",
       "      <td>0</td>\n",
       "      <td>0</td>\n",
       "      <td>0</td>\n",
       "      <td>3.915574</td>\n",
       "      <td>23.570168</td>\n",
       "      <td>10.280525</td>\n",
       "      <td>4.679882</td>\n",
       "      <td>4.115453</td>\n",
       "      <td>-2.411115</td>\n",
       "      <td>-0.168679</td>\n",
       "      <td>5.300375</td>\n",
       "      <td>25.326163</td>\n",
       "      <td>10.059654</td>\n",
       "      <td>4.833815</td>\n",
       "      <td>8.547430</td>\n",
       "    </tr>\n",
       "    <tr>\n",
       "      <th>6989792</th>\n",
       "      <td>0</td>\n",
       "      <td>0</td>\n",
       "      <td>0</td>\n",
       "      <td>0</td>\n",
       "      <td>3.955396</td>\n",
       "      <td>16.226044</td>\n",
       "      <td>10.280525</td>\n",
       "      <td>4.679882</td>\n",
       "      <td>4.115453</td>\n",
       "      <td>0.294443</td>\n",
       "      <td>-0.168679</td>\n",
       "      <td>5.300375</td>\n",
       "      <td>12.616365</td>\n",
       "      <td>10.059654</td>\n",
       "      <td>4.833815</td>\n",
       "      <td>8.406119</td>\n",
       "    </tr>\n",
       "    <tr>\n",
       "      <th>6989793</th>\n",
       "      <td>1</td>\n",
       "      <td>0</td>\n",
       "      <td>0</td>\n",
       "      <td>0</td>\n",
       "      <td>3.971858</td>\n",
       "      <td>13.190056</td>\n",
       "      <td>10.280525</td>\n",
       "      <td>4.679882</td>\n",
       "      <td>4.115453</td>\n",
       "      <td>-3.993764</td>\n",
       "      <td>-0.168679</td>\n",
       "      <td>5.300375</td>\n",
       "      <td>26.170681</td>\n",
       "      <td>10.059654</td>\n",
       "      <td>4.833815</td>\n",
       "      <td>8.214383</td>\n",
       "    </tr>\n",
       "    <tr>\n",
       "      <th>6989794</th>\n",
       "      <td>1</td>\n",
       "      <td>0</td>\n",
       "      <td>0</td>\n",
       "      <td>0</td>\n",
       "      <td>3.971858</td>\n",
       "      <td>13.190056</td>\n",
       "      <td>10.280525</td>\n",
       "      <td>4.679882</td>\n",
       "      <td>4.115453</td>\n",
       "      <td>-2.411115</td>\n",
       "      <td>-0.168679</td>\n",
       "      <td>5.300375</td>\n",
       "      <td>23.624754</td>\n",
       "      <td>10.059654</td>\n",
       "      <td>4.833815</td>\n",
       "      <td>8.214383</td>\n",
       "    </tr>\n",
       "    <tr>\n",
       "      <th>6989795</th>\n",
       "      <td>0</td>\n",
       "      <td>0</td>\n",
       "      <td>0</td>\n",
       "      <td>0</td>\n",
       "      <td>3.971858</td>\n",
       "      <td>13.190056</td>\n",
       "      <td>10.280525</td>\n",
       "      <td>4.679882</td>\n",
       "      <td>4.115453</td>\n",
       "      <td>-5.116672</td>\n",
       "      <td>-0.168679</td>\n",
       "      <td>5.300375</td>\n",
       "      <td>25.820149</td>\n",
       "      <td>10.059654</td>\n",
       "      <td>4.833815</td>\n",
       "      <td>8.214383</td>\n",
       "    </tr>\n",
       "  </tbody>\n",
       "</table>\n",
       "<p>6989796 rows × 16 columns</p>\n",
       "</div>"
      ],
      "text/plain": [
       "         treatment  exposure  visit  conversion        f8         f9         f4        f3        f5         f6       f11       f10         f0         f1        f7        f2\n",
       "0                1         0      0           0  3.859290  25.954644  10.280525 -1.860244  1.128518 -14.564080 -0.168679  5.300375  14.718064  11.739167  7.603301  8.547648\n",
       "1                1         0      0           0  3.955396  16.226044  10.280525  4.679882  2.230907  -7.822229 -0.168679  5.300375  21.780237  10.059654  9.687508  8.526976\n",
       "2                1         0      0           0  3.971858  13.190056  10.280525  4.679882  4.115453  -7.011752 -0.168679  5.300375  25.851825  10.059654  4.833815  8.214383\n",
       "3                1         0      0           0  3.971858  13.190056  10.280525  4.679882  4.115453  -5.116672 -0.168679  5.300375  24.742052  10.059654  4.833815  8.214383\n",
       "4                1         0      0           0  3.971858  13.190056  10.280525  4.679882  4.115453  -1.288207 -0.168679  5.300375  24.527053  10.059654  4.833815  8.214383\n",
       "...            ...       ...    ...         ...       ...        ...        ...       ...       ...        ...       ...       ...        ...        ...       ...       ...\n",
       "6989791          1         0      0           0  3.915574  23.570168  10.280525  4.679882  4.115453  -2.411115 -0.168679  5.300375  25.326163  10.059654  4.833815  8.547430\n",
       "6989792          0         0      0           0  3.955396  16.226044  10.280525  4.679882  4.115453   0.294443 -0.168679  5.300375  12.616365  10.059654  4.833815  8.406119\n",
       "6989793          1         0      0           0  3.971858  13.190056  10.280525  4.679882  4.115453  -3.993764 -0.168679  5.300375  26.170681  10.059654  4.833815  8.214383\n",
       "6989794          1         0      0           0  3.971858  13.190056  10.280525  4.679882  4.115453  -2.411115 -0.168679  5.300375  23.624754  10.059654  4.833815  8.214383\n",
       "6989795          0         0      0           0  3.971858  13.190056  10.280525  4.679882  4.115453  -5.116672 -0.168679  5.300375  25.820149  10.059654  4.833815  8.214383\n",
       "\n",
       "[6989796 rows x 16 columns]"
      ]
     },
     "execution_count": null,
     "metadata": {},
     "output_type": "execute_result"
    }
   ],
   "source": [
    "train_data"
   ]
  },
  {
   "cell_type": "code",
   "execution_count": 13,
   "id": "6cfd2972",
   "metadata": {},
   "outputs": [],
   "source": [
    "target_variable = 'conversion'\n",
    "exog_variables = list(train_data.drop(target_variable, axis=1).columns)"
   ]
  },
  {
   "cell_type": "code",
   "execution_count": 14,
   "id": "451342a3",
   "metadata": {},
   "outputs": [],
   "source": [
    "target_params = logit_params(X = train_data[exog_variables], y = train_data[target_variable])"
   ]
  },
  {
   "cell_type": "code",
   "execution_count": 15,
   "id": "6718bfda",
   "metadata": {},
   "outputs": [
    {
     "data": {
      "text/plain": [
       "intercept   -0.176053\n",
       "treatment   -0.555496\n",
       "exposure     1.503068\n",
       "visit        7.446032\n",
       "f8          -0.631709\n",
       "f9          -0.011792\n",
       "f4           0.759987\n",
       "f3          -0.072159\n",
       "f5          -0.145088\n",
       "f6           0.033332\n",
       "f11         -0.617136\n",
       "f10          0.189011\n",
       "f0           0.010371\n",
       "f1          -0.730233\n",
       "f7          -0.047554\n",
       "f2          -1.016528\n",
       "dtype: float64"
      ]
     },
     "execution_count": null,
     "metadata": {},
     "output_type": "execute_result"
    }
   ],
   "source": [
    "target_params"
   ]
  },
  {
   "cell_type": "markdown",
   "id": "37b93984",
   "metadata": {},
   "source": [
    "Use the `optimization_models` function to perform the optimized synthesis process. The function returns the objective value associated with each iteration, the best set of parameters for each random seed, and the final optimization object from the Bayesian optimization function."
   ]
  },
  {
   "cell_type": "code",
   "execution_count": 16,
   "id": "a0ca4dc8",
   "metadata": {},
   "outputs": [
    {
     "name": "stdout",
     "output_type": "stream",
     "text": [
      "Optimizing 12 parameters: ['x0', 'x1', 'x2', 'x3', 'x4', 'x5', 'x6', 'x7', 'x8', 'x9', 'x10', 'x11']\n",
      "|   iter    |  target   |    x0     |    x1     |    x2     |    x3     |    x4     |    x5     |    x6     |    x7     |    x8     |    x9     |    x10    |    x11    |\n",
      "-------------------------------------------------------------------------------------------------------------------------------------------------------------------------\n",
      "| \u001b[39m1        \u001b[39m | \u001b[39m-0.818629\u001b[39m | \u001b[39m2599080.8\u001b[39m | \u001b[39m7500.0   \u001b[39m | \u001b[39m7500.0   \u001b[39m | \u001b[39m3084624.6\u001b[39m | \u001b[39m7500.0   \u001b[39m | \u001b[39m2522833.0\u001b[39m | \u001b[39m1037495.4\u001b[39m | \u001b[39m1840184.7\u001b[39m | \u001b[39m613486.05\u001b[39m | \u001b[39m2839124.9\u001b[39m | \u001b[39m7500.0   \u001b[39m | \u001b[39m902087.81\u001b[39m |\n",
      "| \u001b[35m2        \u001b[39m | \u001b[35m-0.799661\u001b[39m | \u001b[35m834830.94\u001b[39m | \u001b[35m7500.0   \u001b[39m | \u001b[35m7500.0   \u001b[39m | \u001b[35m711991.15\u001b[39m | \u001b[35m7500.0   \u001b[39m | \u001b[35m3427690.8\u001b[39m | \u001b[35m2570053.5\u001b[39m | \u001b[35m1434909.4\u001b[39m | \u001b[35m2165540.9\u001b[39m | \u001b[35m283795.40\u001b[39m | \u001b[35m7500.0   \u001b[39m | \u001b[35m2118844.0\u001b[39m |\n",
      "| \u001b[35m3        \u001b[39m | \u001b[35m-0.711875\u001b[39m | \u001b[35m1578527.5\u001b[39m | \u001b[35m7500.0   \u001b[39m | \u001b[35m7500.0   \u001b[39m | \u001b[35m1015450.9\u001b[39m | \u001b[35m7500.0   \u001b[39m | \u001b[35m2855929.1\u001b[39m | \u001b[35m931764.26\u001b[39m | \u001b[35m1256153.8\u001b[39m | \u001b[35m2342960.4\u001b[39m | \u001b[35m3235736.2\u001b[39m | \u001b[35m7500.0   \u001b[39m | \u001b[35m2923570.1\u001b[39m |\n",
      "| \u001b[39m4        \u001b[39m | \u001b[39m-0.799132\u001b[39m | \u001b[39m718067.50\u001b[39m | \u001b[39m7500.0   \u001b[39m | \u001b[39m7500.0   \u001b[39m | \u001b[39m654326.61\u001b[39m | \u001b[39m7500.0   \u001b[39m | \u001b[39m1895158.3\u001b[39m | \u001b[39m832333.16\u001b[39m | \u001b[39m741567.93\u001b[39m | \u001b[39m1836576.9\u001b[39m | \u001b[39m2267986.7\u001b[39m | \u001b[39m7500.0   \u001b[39m | \u001b[39m85006.644\u001b[39m |\n",
      "| \u001b[39m5        \u001b[39m | \u001b[39m-0.812958\u001b[39m | \u001b[39m426583.39\u001b[39m | \u001b[39m7500.0   \u001b[39m | \u001b[39m7500.0   \u001b[39m | \u001b[39m2482752.3\u001b[39m | \u001b[39m7500.0   \u001b[39m | \u001b[39m1321425.4\u001b[39m | \u001b[39m2817585.2\u001b[39m | \u001b[39m914415.53\u001b[39m | \u001b[39m362032.52\u001b[39m | \u001b[39m3224861.1\u001b[39m | \u001b[39m7500.0   \u001b[39m | \u001b[39m1892990.0\u001b[39m |\n",
      "| \u001b[39m6        \u001b[39m | \u001b[39m-0.835267\u001b[39m | \u001b[39m1237455.6\u001b[39m | \u001b[39m7500.0   \u001b[39m | \u001b[39m7500.0   \u001b[39m | \u001b[39m3231319.0\u001b[39m | \u001b[39m7500.0   \u001b[39m | \u001b[39m1191742.2\u001b[39m | \u001b[39m328740.87\u001b[39m | \u001b[39m2676205.9\u001b[39m | \u001b[39m2204739.0\u001b[39m | \u001b[39m900751.90\u001b[39m | \u001b[39m7500.0   \u001b[39m | \u001b[39m1030502.0\u001b[39m |\n",
      "| \u001b[39m7        \u001b[39m | \u001b[39m-1.178046\u001b[39m | \u001b[39m1640676.8\u001b[39m | \u001b[39m7500.0   \u001b[39m | \u001b[39m7500.0   \u001b[39m | \u001b[39m2395496.0\u001b[39m | \u001b[39m7500.0   \u001b[39m | \u001b[39m1533488.1\u001b[39m | \u001b[39m165116.47\u001b[39m | \u001b[39m512544.18\u001b[39m | \u001b[39m524960.93\u001b[39m | \u001b[39m2137885.6\u001b[39m | \u001b[39m7500.0   \u001b[39m | \u001b[39m1621996.6\u001b[39m |\n",
      "| \u001b[35m8        \u001b[39m | \u001b[35m-0.638636\u001b[39m | \u001b[35m923890.50\u001b[39m | \u001b[35m7500.0   \u001b[39m | \u001b[35m7500.0   \u001b[39m | \u001b[35m2058271.2\u001b[39m | \u001b[35m7500.0   \u001b[39m | \u001b[35m2879955.1\u001b[39m | \u001b[35m174097.91\u001b[39m | \u001b[35m281514.77\u001b[39m | \u001b[35m2497393.0\u001b[39m | \u001b[35m1068850.5\u001b[39m | \u001b[35m7500.0   \u001b[39m | \u001b[35m3216311.9\u001b[39m |\n",
      "| \u001b[39m9        \u001b[39m | \u001b[39m-0.797673\u001b[39m | \u001b[39m1577663.6\u001b[39m | \u001b[39m7500.0   \u001b[39m | \u001b[39m7500.0   \u001b[39m | \u001b[39m2810509.9\u001b[39m | \u001b[39m7500.0   \u001b[39m | \u001b[39m3296489.4\u001b[39m | \u001b[39m2301682.1\u001b[39m | \u001b[39m3286326.7\u001b[39m | \u001b[39m2297027.7\u001b[39m | \u001b[39m3133234.7\u001b[39m | \u001b[39m7500.0   \u001b[39m | \u001b[39m718856.00\u001b[39m |\n",
      "| \u001b[39m10       \u001b[39m | \u001b[39m-0.774261\u001b[39m | \u001b[39m2856590.3\u001b[39m | \u001b[39m7500.0   \u001b[39m | \u001b[39m7500.0   \u001b[39m | \u001b[39m2945441.7\u001b[39m | \u001b[39m7500.0   \u001b[39m | \u001b[39m1247801.7\u001b[39m | \u001b[39m1675185.1\u001b[39m | \u001b[39m1050895.0\u001b[39m | \u001b[39m2038362.6\u001b[39m | \u001b[39m860847.23\u001b[39m | \u001b[39m7500.0   \u001b[39m | \u001b[39m2065888.6\u001b[39m |\n",
      "| \u001b[39m11       \u001b[39m | \u001b[39m-0.740527\u001b[39m | \u001b[39m831504.01\u001b[39m | \u001b[39m7500.0   \u001b[39m | \u001b[39m7500.0   \u001b[39m | \u001b[39m2866178.0\u001b[39m | \u001b[39m7500.0   \u001b[39m | \u001b[39m771568.39\u001b[39m | \u001b[39m2050288.1\u001b[39m | \u001b[39m2826193.4\u001b[39m | \u001b[39m643392.36\u001b[39m | \u001b[39m2606075.1\u001b[39m | \u001b[39m7500.0   \u001b[39m | \u001b[39m1692436.4\u001b[39m |\n",
      "| \u001b[39m12       \u001b[39m | \u001b[39m-0.817186\u001b[39m | \u001b[39m2244066.3\u001b[39m | \u001b[39m7500.0   \u001b[39m | \u001b[39m7500.0   \u001b[39m | \u001b[39m1598926.1\u001b[39m | \u001b[39m7500.0   \u001b[39m | \u001b[39m862156.72\u001b[39m | \u001b[39m439584.72\u001b[39m | \u001b[39m469001.78\u001b[39m | \u001b[39m684303.06\u001b[39m | \u001b[39m1584719.3\u001b[39m | \u001b[39m7500.0   \u001b[39m | \u001b[39m2934994.6\u001b[39m |\n",
      "| \u001b[39m13       \u001b[39m | \u001b[39m-0.853714\u001b[39m | \u001b[39m841346.24\u001b[39m | \u001b[39m7500.0   \u001b[39m | \u001b[39m7500.0   \u001b[39m | \u001b[39m1358442.1\u001b[39m | \u001b[39m7500.0   \u001b[39m | \u001b[39m3257002.8\u001b[39m | \u001b[39m2085583.8\u001b[39m | \u001b[39m2648667.2\u001b[39m | \u001b[39m528441.92\u001b[39m | \u001b[39m2169994.8\u001b[39m | \u001b[39m7500.0   \u001b[39m | \u001b[39m2711019.5\u001b[39m |\n",
      "| \u001b[39m14       \u001b[39m | \u001b[39m-0.788171\u001b[39m | \u001b[39m1139290.2\u001b[39m | \u001b[39m7500.0   \u001b[39m | \u001b[39m7500.0   \u001b[39m | \u001b[39m3022415.2\u001b[39m | \u001b[39m7500.0   \u001b[39m | \u001b[39m3038572.9\u001b[39m | \u001b[39m2016742.9\u001b[39m | \u001b[39m2147247.2\u001b[39m | \u001b[39m1337694.7\u001b[39m | \u001b[39m907474.22\u001b[39m | \u001b[39m7500.0   \u001b[39m | \u001b[39m2866148.1\u001b[39m |\n",
      "| \u001b[39m15       \u001b[39m | \u001b[39m-0.651629\u001b[39m | \u001b[39m173641.80\u001b[39m | \u001b[39m7500.0   \u001b[39m | \u001b[39m7500.0   \u001b[39m | \u001b[39m2218919.0\u001b[39m | \u001b[39m7500.0   \u001b[39m | \u001b[39m1976125.1\u001b[39m | \u001b[39m1984290.7\u001b[39m | \u001b[39m2175019.1\u001b[39m | \u001b[39m2864060.7\u001b[39m | \u001b[39m155133.41\u001b[39m | \u001b[39m7500.0   \u001b[39m | \u001b[39m1440048.2\u001b[39m |\n",
      "| \u001b[39m16       \u001b[39m | \u001b[39m-0.734577\u001b[39m | \u001b[39m785477.38\u001b[39m | \u001b[39m7500.0   \u001b[39m | \u001b[39m7500.0   \u001b[39m | \u001b[39m2618006.4\u001b[39m | \u001b[39m7500.0   \u001b[39m | \u001b[39m2855371.0\u001b[39m | \u001b[39m2853138.9\u001b[39m | \u001b[39m182134.35\u001b[39m | \u001b[39m2101071.1\u001b[39m | \u001b[39m1553803.2\u001b[39m | \u001b[39m7500.0   \u001b[39m | \u001b[39m1459088.1\u001b[39m |\n",
      "| \u001b[39m17       \u001b[39m | \u001b[39m-0.703550\u001b[39m | \u001b[39m105446.38\u001b[39m | \u001b[39m7500.0   \u001b[39m | \u001b[39m7500.0   \u001b[39m | \u001b[39m242572.13\u001b[39m | \u001b[39m7500.0   \u001b[39m | \u001b[39m1490673.4\u001b[39m | \u001b[39m2376939.2\u001b[39m | \u001b[39m2239827.2\u001b[39m | \u001b[39m1193771.0\u001b[39m | \u001b[39m312512.80\u001b[39m | \u001b[39m7500.0   \u001b[39m | \u001b[39m684271.43\u001b[39m |\n",
